-0.0
-0.0
-0.0
-0.0
-0.0
-0.0
-0.0
0.0
0.0
-0.0
0.0
0.0
-0.0
0.0
-0.0
-0.0
0.0
-0.0
-0.0
0.0
0.0
-0.0
-0.0
-0.0
-0.0
-0.0
-0.0
-0.0
0.0
-0.0
0.0
-0.0
-0.0
-0.0
-0.0
-0.0
-0.0
-0.0
-0.0
-0.0
0.0
-0.0
0.0
-0.0
-0.0
-0.0
-0.0
0.0
-0.0
0.0
0.0
0.0
-0.0
0.0
0.0
0.0
0.0
-0.0
0.0
-1.0e-6
-1.0e-6
-1.0e-6
-1.0e-6
-1.0e-6
-1.0e-6
-4.0e-6
-4.0e-6
-7.0e-6
-1.2e-5
-1.4e-5
-1.7e-5
-2.5e-5
-2.7e-5
-2.7e-5
-3.0e-5
-3.2e-5
-3.6e-5
-3.6e-5
-3.7e-5
-3.8e-5
-4.4e-5
-4.4e-5
-5.2e-5
-5.3e-5
-6.1e-5
-6.5e-5
-6.7e-5
-8.7e-5
-1.06e-4
-1.12e-4
-1.13e-4
-1.18e-4
-1.19e-4
-1.25e-4
-2.01e-4
-2.18e-4
-2.54e-4
-2.58e-4
-3.07e-4
-3.52e-4
-5.63e-4
-6.22e-4
-9.16e-4
-9.21e-4
-1.178e-3
-1.438e-3
-1.599e-3
-1.974e-3
-2.243e-3
-2.403e-3
-2.436e-3
-3.664e-3
-4.308e-3
-5.074e-3
-5.602e-3
-5.754e-3
-1.1295e-2
-1.358e-2
-1.3596e-2
-1.4726e-2
-1.4907e-2
-1.6784e-2
-1.7029e-2
-1.8505e-2
-1.9472e-2
-2.8754e-2
-2.9011e-2
-2.9941e-2
-3.0254e-2
-3.44e-2
-3.4561e-2
-3.5361e-2
-3.6833e-2
-3.7132e-2
-3.7425e-2
-3.75e-2
-4.5743e-2
-4.6157e-2
-4.7644e-2
-5.1056e-2
-5.1315e-2
-5.1531e-2
-5.4637e-2
-5.47e-2
-5.6347e-2
-5.7241e-2
-6.0728e-2
-6.0816e-2
-6.1577e-2
-6.1608e-2
-6.192e-2
-6.508e-2
-6.5293e-2
-6.642e-2
-6.7303e-2
-6.8174e-2
-6.8182e-2
-6.9182e-2
-7.0055e-2
-7.015e-2
-7.0575e-2
-7.1119e-2
-7.3335e-2
-7.4267e-2
-7.7765e-2
-7.9181e-2
-7.9181e-2
-7.9217e-2
-7.9738e-2
-8.0194e-2
-8.0663e-2
-8.1154e-2
-8.2356e-2
-8.2637e-2
-8.3461e-2
-8.3633e-2
-8.4706e-2
-8.4706e-2
-8.4821e-2
-8.5917e-2
-8.7752e-2
-8.868e-2
-8.903e-2
-9.1769e-2
-9.2059e-2
-9.6969e-2
-9.7123e-2
-0.100701
-0.101451
-0.101643
-0.10253
-0.103856
-0.104616
-0.10495
-0.106645
-0.107183
-0.110421
-0.114249
-0.114376
-0.115295
-0.115907
-0.120181
-0.124939
-0.124939
-0.124939
-0.124975
-0.125216
-0.126051
-0.126464
-0.127436
-0.12929
-0.129715
-0.12992
-0.130666
-0.131599
-0.133196
-0.13452
-0.134822
-0.134881
-0.134961
-0.137602
-0.140218
-0.140221
-0.141374
-0.14142
-0.14156
-0.141826
-0.144439
-0.145047
-0.145995
-0.149276
-0.151359
-0.154902
-0.155213
-0.156622
-0.15724
-0.158673
-0.16376
-0.166643
-0.167763
-0.169349
-0.171247
-0.172774
-0.172859
-0.172953
-0.175677
-0.17609
-0.176091
-0.176091
-0.176091
-0.176093
-0.176099
-0.176107
-0.176126
-0.176402
-0.176518
-0.177673
-0.178224
-0.178939
-0.179257
-0.179475
-0.179851
-0.180088
-0.189468
-0.189982
-0.19393
-0.194484
-0.194525
-0.195221
-0.195335
-0.195583
-0.197692
-0.199851
-0.203261
-0.203753
-0.204236
-0.209068
-0.209986
-0.212877
-0.213388
-0.21344
-0.214918
-0.216785
-0.21706
-0.217209
-0.221236
-0.221849
-0.221849
-0.22185
-0.22187
-0.22207
-0.224146
-0.226588
-0.227199
-0.228228
-0.228692
-0.231179
-0.23149
-0.232691
-0.233592
-0.233757
-0.234949
-0.23544
-0.238211
-0.239529
-0.243022
-0.243029
-0.243038
-0.243227
-0.244867
-0.24531
-0.245316
-0.247301
-0.247387
-0.249098
-0.249908
-0.250403
-0.25044
-0.252232
-0.252935
-0.253816
-0.25384
-0.254074
-0.255309
-0.25556
-0.25773
-0.257854
-0.261908
-0.26242
-0.262766
-0.263241
-0.263612
-0.263896
-0.264303
-0.265379
-0.265474
-0.265666
-0.265889
-0.266077
-0.26608
-0.266601
-0.267931
-0.267931
-0.268451
-0.268822
-0.268956
-0.269522
-0.27307
-0.273601
-0.275218
-0.276465
-0.277749
-0.279128
-0.280982
-0.281031
-0.281776
-0.282212
-0.28233
-0.283145
-0.283153
-0.284076
-0.286543
-0.286592
-0.286881
-0.287584
-0.289374
-0.289464
-0.291603
-0.294383
-0.294645
-0.295862
-0.296458
-0.29767
-0.299138
-0.299151
-0.299629
-0.299892
-0.300158
-0.300171
-0.300303
-0.300323
-0.300435
-0.300478
-0.300728
-0.300845
-0.300865
-0.300938
-0.300954
-0.300984
-0.301006
-0.301012
-0.301016
-0.301017
-0.301021
-0.301022
-0.301024
-0.301027
-0.30103
-0.30103
-0.30103
-0.30103
-0.30103
-0.30103
-0.30103
-0.30103
-0.30103
-0.30103
-0.30103
-0.30103
-0.30103
-0.30103
-0.30103
-0.30103
-0.30103
-0.30103
-0.30103
-0.30103
-0.30103
-0.30103
-0.30103
-0.30103
-0.30103
-0.30103
-0.30103
-0.30103
-0.30103
-0.30103
-0.30103
-0.30103
-0.30103
-0.30103
-0.30103
-0.30103
-0.30103
-0.30103
-0.30103
-0.30103
-0.30103
-0.30103
-0.30103
-0.30103
-0.30103
-0.30103
-0.30103
-0.30103
-0.30103
-0.30103
-0.30103
-0.30103
-0.30103
-0.30103
-0.30103
-0.30103
-0.30103
-0.30103
-0.30103
-0.30103
-0.30103
-0.30103
-0.30103
-0.30103
-0.30103
-0.30103
-0.30103
-0.30103
-0.30103
-0.30103
-0.30103
-0.30103
-0.30103
-0.30103
-0.30103
-0.30103
-0.30103
-0.30103
-0.30103
-0.301031
-0.301031
-0.301032
-0.301033
-0.301035
-0.301035
-0.301035
-0.301035
-0.301038
-0.301039
-0.301039
-0.301044
-0.301048
-0.301057
-0.301059
-0.301059
-0.30106
-0.301062
-0.301076
-0.301076
-0.301085
-0.301086
-0.301098
-0.301129
-0.301132
-0.301137
-0.301388
-0.301388
-0.301404
-0.30155
-0.301582
-0.301624
-0.301764
-0.301921
-0.302032
-0.302316
-0.302435
-0.302756
-0.302756
-0.302796
-0.302796
-0.302931
-0.303215
-0.303448
-0.304596
-0.307248
-0.308744
-0.308744
-0.309338
-0.310666
-0.312232
-0.313008
-0.313091
-0.315656
-0.315965
-0.319509
-0.31968
-0.319683
-0.319999
-0.320572
-0.3207
-0.321629
-0.321894
-0.322099
-0.322099
-0.3261
-0.327594
-0.327599
-0.329042
-0.330436
-0.331014
-0.331519
-0.334837
-0.334837
-0.336572
-0.337183
-0.339748
-0.341075
-0.344109
-0.344383
-0.352219
-0.353028
-0.353028
-0.35583
-0.356978
-0.358347
-0.362245
-0.363736
-0.364958
-0.364966
-0.365551
-0.367725
-0.367977
-0.367989
-0.373302
-0.373787
-0.373859
-0.374443
-0.374443
-0.377144
-0.379544
-0.380639
-0.381327
-0.381409
-0.381737
-0.382333
-0.382812
-0.383867
-0.384282
-0.385079
-0.385578
-0.385924
-0.386698
-0.386714
-0.387775
-0.389477
-0.389946
-0.390062
-0.391555
-0.393336
-0.393481
-0.395248
-0.396337
-0.397106
-0.397934
-0.397939
-0.397939
-0.397939
-0.397939
-0.39794
-0.39794
-0.39794
-0.39794
-0.398865
-0.399073
-0.40151
-0.403872
-0.405649
-0.410858
-0.41098
-0.410981
-0.411255
-0.411677
-0.416364
-0.417859
-0.419686
-0.420701
-0.421795
-0.424569
-0.425638
-0.425969
-0.42599
-0.426753
-0.427979
-0.431501
-0.434295
-0.437087
-0.439333
-0.439548
-0.439627
-0.440184
-0.440184
-0.440724
-0.442876
-0.443503
-0.446004
-0.446255
-0.447241
-0.448115
-0.450956
-0.451365
-0.452082
-0.452112
-0.453953
-0.455194
-0.455194
-0.458387
-0.461762
-0.461846
-0.463222
-0.465276
-0.465555
-0.467557
-0.467557
-0.468708
-0.473183
-0.476394
-0.47691
-0.477059
-0.477098
-0.47712
-0.477121
-0.477121
-0.477121
-0.477121
-0.477121
-0.477121
-0.477121
-0.477121
-0.477121
-0.477121
-0.477121
-0.477121
-0.477121
-0.477121
-0.477121
-0.477121
-0.477121
-0.477121
-0.477121
-0.477121
-0.477121
-0.477121
-0.477121
-0.477121
-0.477121
-0.477121
-0.477121
-0.477121
-0.477121
-0.477121
-0.477121
-0.477121
-0.477121
-0.477121
-0.477121
-0.477121
-0.477121
-0.477121
-0.477121
-0.477121
-0.477121
-0.477121
-0.477121
-0.477121
-0.477121
-0.477121
-0.477122
-0.477122
-0.477122
-0.477125
-0.477125
-0.477125
-0.47713
-0.477156
-0.477222
-0.477432
-0.477496
-0.477583
-0.478415
-0.478703
-0.480965
-0.483832
-0.486414
-0.486414
-0.490119
-0.495904
-0.496283
-0.500762
-0.501483
-0.501704
-0.510996
-0.513955
-0.514204
-0.517467
-0.518756
-0.52096
-0.52096
-0.522363
-0.522363
-0.523201
-0.531259
-0.533726
-0.535419
-0.536297
-0.536904
-0.537498
-0.540934
-0.542253
-0.544069
-0.545047
-0.546763
-0.553274
-0.555767
-0.556186
-0.558974
-0.563956
-0.563989
-0.566409
-0.568468
-0.570299
-0.57541
-0.578278
-0.579731
-0.589391
-0.589858
-0.594206
-0.594206
-0.594262
-0.594771
-0.597857
-0.597857
-0.598001
-0.598001
-0.601596
-0.601596
-0.602037
-0.602042
-0.602042
-0.60206
-0.60206
-0.60206
-0.60206
-0.60206
-0.60206
-0.60206
-0.60206
-0.60206
-0.60206
-0.60206
-0.60206
-0.60206
-0.60206
-0.60206
-0.60206
-0.60206
-0.60206
-0.60206
-0.60206
-0.60206
-0.60206
-0.60206
-0.60206
-0.60206
-0.602097
-0.605723
-0.606837
-0.607497
-0.607928
-0.608278
-0.612234
-0.613386
-0.617463
-0.623011
-0.624567
-0.625556
-0.625578
-0.625757
-0.626511
-0.627606
-0.6327
-0.63326
-0.639189
-0.639966
-0.650385
-0.650632
-0.654609
-0.656902
-0.662525
-0.66463
-0.667422
-0.667422
-0.667618
-0.671605
-0.691956
-0.691956
-0.697392
-0.698734
-0.698887
-0.698964
-0.69897
-0.69897
-0.69897
-0.69897
-0.69897
-0.69897
-0.698973
-0.698991
-0.699229
-0.713777
-0.732004
-0.740168
-0.743282
-0.745567
-0.745678
-0.749242
-0.764704
-0.766306
-0.766306
-0.769148
-0.775376
-0.778151
-0.778167
-0.778658
-0.780016
-0.780147
-0.788348
-0.794337
-0.814561
-0.814561
-0.814561
-0.816902
-0.821974
-0.824805
-0.831946
-0.837769
-0.841155
-0.842769
-0.84827
-0.864263
-0.865156
-0.869423
-0.873262
-0.881499
-0.897278
-0.907917
-0.914779
-0.918127
-0.928575
-0.93132
-0.932436
-0.938433
-0.940751
-0.940751
-0.940751
-0.945365
-0.950758
-0.952956
-0.955023
-0.95775
-0.981904
-1.0
-1.018116
-1.02846
-1.040696
-1.043817
-1.062126
-1.07149
-1.072395
-1.080052
-1.088025
-1.098507
-1.09861
-1.19453
-1.196814
-1.230684
-1.241781
-1.241781
-1.255057
-1.317337
-1.3174
-1.3377
-1.3377
-1.351263
-1.371101
-1.372501
-1.379713
-1.393038
-1.40018
-1.477046
-1.518301
-1.642127
-1.686491
-1.874692
-1.935002
-1.958259
-2.05969
-2.274494
-2.277563
-2.466214
-2.466593
-2.596506
-2.69527
-2.704649
-2.707283
-2.780131
-2.83666
-2.926042
-2.980298
-3.050836
-3.173487
-3.293318
-3.344692
-3.401186
-3.485574
-3.57401
-3.578525
-3.667895
-3.668935
-3.733829
-3.761513
-3.832776
-3.964592
-4.096826
-4.21098
-4.24886
-4.320593
-4.568236
-4.572317
-4.714344
-4.874775
-5.012518
-5.054865
-5.229244
-5.303348
-5.317956
-5.341119
-5.388535
-5.437114
-5.462657
-5.472932
-5.527449
-5.538002
-5.800941
-5.862518
-5.86935
-5.894227
-6.126449
-6.161253
-6.283356
-6.348279
-6.414976
-6.472932
-6.616025
-6.624112
-6.633368
-6.666933
-6.677335
-6.775852
-6.876523
-6.973238
-7.036224
-7.194092
-7.536123
-7.552376
-7.726176
-7.733778
-7.821405
-8.112336
-8.16926
-8.213202
-8.246075
-8.312509
-8.381336
-8.427054
-8.440637
-8.467061
-8.729845
-8.801703
-8.839005
-8.937657
-9.099969
-9.171573
-9.206722
-9.391994
-9.629422
-9.665163
-9.754679
-9.864753
-9.994279
-10.052934
-10.339069
-10.391749
-10.487076
-10.518243
-10.646013
-10.805127
-10.880106
-10.894061
-11.055988
-11.151664
-11.178813
-11.245953
-11.343204
-11.394907
-11.564762
-11.570118
-11.585661
-11.71272
-11.920559
-11.949254
-12.198606
-12.23551
-12.390793
-12.684251
-12.702918
-12.746467
-12.900027
-12.926247
-12.940092
-13.044989
-13.08457
-13.238839
-13.476776
-13.650915
-13.739737
-13.797329
-13.836469
-13.928788
-13.945344
-14.045434
-14.33778
-14.345418
-14.788234
-14.841967
-15.273354
-15.387281
-15.519018
-15.560673
-15.742333
-15.904861
-15.910279
-15.931615
-16.019683
-16.061205
-16.104378
-16.22626
-16.323958
-16.478667
-16.601283
-16.63528
-16.70715
-16.794904
-16.815691
-16.964274
-17.079405
-17.381002
-17.616669
-17.852529
-18.134916
-18.551003
-18.580511
-18.61279
-18.919896
-18.936595
-19.266048
-19.519534
-19.530479
-19.681947
-19.950584
-20.166554
-20.624683
-21.022039
-21.058823
-21.110678
-21.16585
-21.215431
-21.462688
-21.530819
-21.738057
-21.751952
-21.786869
-21.914891
-22.107553
-22.215871
-22.441919
-22.54933
-22.579709
-22.597726
-23.132421
-23.941471
-24.225569
-24.661308
-24.847048
-24.905378
-24.910223
-25.238445
-25.274802
-25.512678
-25.562696
-25.790346
-25.88371
-26.261504
-26.36199
-26.536617
-26.668414
-26.831315
-26.838138
-27.225453
-27.7924
-27.798626
-28.015637
-28.016897
-28.260785
-28.774156
-28.908031
-28.959426
-29.06324
-29.236457
-29.712834
-29.73019
-30.737972
-30.914815
-31.158166
-31.290813
-31.839628
-31.897438
-31.960039
-32.023284
-32.604202
-33.727713
-33.998462
-34.441185
-34.77956
-34.779567
-34.814174
-34.956719
-35.252135
-35.319868
-36.17446
-36.533584
-37.050279
-37.49746
-37.50033
-37.979933
-38.596188
-39.03997
-39.397219
-39.648654
-39.763419
-40.127568
-40.149131
-40.508647
-40.58254
-40.92184
-40.964856
-42.273186
-42.893884
-42.918827
-43.857339
-43.931222
-44.894984
-45.399752
-46.035369
-46.144426
-46.36301
-46.452585
-48.211712
-48.613423
-49.536125
-49.83181
-51.287679
-57.530072
-60.323255
-62.460914
-65.754921
-73.427366
-75.929785
-76.205404
-97.133434
-97.664326
-108.493277
-113.760974
-113.962026
-116.127948
-122.624096
-141.845888
-155.666971
-156.020453
-157.745518
-172.355533
-185.035228
-185.035228
-212.904633
-226.345275
-231.976241
-232.715066
-291.891515
-293.172013
-298.530742
